2063258
2063079
2063052
2063358
2061011
2061013
2063015
2063356
2063070
2063014
2063018
2063325
2063324
2063473
2063326
2061128
2063050
2063179
2063162
2063406
2063271
2063278
2063224
2063490
2063429
2063012
2063087
2063475
2063003
2063401
2063165
2063287
2063166
2063007
2061022
2063321
2063195
2063276
2061010
2061161
2063315
2061026
2063337
2062991
2062985
2063039
2061025
2063425
2063322
2063332
2063071
2061032
2063444
2063152
2063059
2063143
2063105
2063289
2063261
2063114
2063151
2061009
2061059
2063230
2062993
2063038
2063297
2063265
2063044
2063092
2061129
2063481
2063253
2063206
2063161
2063060
2061095
2063391
2063027
2063147
2063144
2062987
2063084
2063208
2063331
2063053
2063409
2063083
2063127
2061097
2063210
2061044
2063234
2063000
2063426
2063239
2063042
2063159
2063002
2063281
2063433
2063108
2063028
2063333
2063341
2063061
2063366
2061153
2061008
2063069
2063129
2063300
2061041
2061017
2063312
2063247
2063369
2061042
2061089
2063131
2063307
2061030
2063405
2061063
2063095
2061076
2063125
2063058
2063201
2063163
2063383
2063308
2063088
2063181
2063340
2061004
2061058
2063403
2062997
2061107
2061105
2063274
2063328
2061066
2063089
2063076
2062989
2063185
2061037
2061023
2063148
2063335
2063104
2063334
2063296
2063041
2063030
2062992
2061061
2061127
2063067
2061028
2063086
2063193
2063415
2063011
2063066
2063004